           NOMINAL TIMING      EARLY TIMING        LATE TIMING      
 mo. yr.  mean +2sig -2sig ap mean +2sig -2sig ap mean +2sig -2sig ap
 BEGIN_DATA
  3 2025   181  209  152   15  150  170  128   13  195  225  162   17
  4 2025   179  206  150   15  147  167  126   13  195  225  162   17
  5 2025   177  204  148   15  144  164  124   13  195  225  162   17
  6 2025   175  201  147   15  142  161  121   13  194  225  162   17
  7 2025   172  198  145   15  139  157  119   12  193  224  161   17
  8 2025   170  195  143   15  136  153  117   12  192  223  160   16
  9 2025   167  192  141   14  133  150  114   12  191  222  159   16
 10 2025   165  189  139   14  130  146  112   12  190  220  158   16
 11 2025   162  185  137   14  128  143  110   12  189  219  157   16
 12 2025   159  182  135   14  125  140  108   11  187  217  156   16
  1 2026   157  179  133   14  122  137  106   11  186  215  155   16
  2 2026   154  176  131   13  120  134  104   11  184  213  154   16
  3 2026   151  172  129   13  117  131  102   11  182  211  152   15
  4 2026   148  169  126   13  115  128  100   11  180  209  151   15
  5 2026   145  166  124   13  112  125   98   10  178  206  149   15
  6 2026   143  163  122   13  110  122   96   10  176  203  147   15
  7 2026   140  159  120   12  108  119   94   10  173  200  146   15
  8 2026   137  155  118   12  105  117   92   10  171  197  144   15
  9 2026   134  152  115   12  103  114   90   10  168  194  142   14
 10 2026   131  148  113   12  101  111   89   10  166  191  140   14
 11 2026   129  145  111   12   99  108   87    9  163  187  138   14
 12 2026   126  142  109   11   97  106   86    9  160  184  136   14
  1 2027   123  139  107   11   95  104   84    9  158  181  134   14
  2 2027   121  136  105   11   93  102   83    9  155  177  132   14
  3 2027   118  133  103   11   91  100   81    9  152  174  130   13
  4 2027   116  130  101   11   90   98   80    9  149  170  127   13
  5 2027   113  127   99   10   88   96   78    9  146  167  125   13
  6 2027   111  124   97   10   87   94   77    9  144  164  123   13
  7 2027   109  121   95   10   85   93   76    8  141  160  121   13
  8 2027   106  119   93   10   84   91   75    8  138  156  119   12
  9 2027   104  116   91   10   82   89   74    8  135  153  116   12
 10 2027   102  113   90   10   81   87   73    8  132  149  114   12
 11 2027   100  110   88    9   80   86   72    8  130  146  112   12
 12 2027    98  107   87    9   79   85   71    8  127  143  110   12
  1 2028    96  105   85    9   78   84   70    8  124  140  108   11
  2 2028    94  103   84    9   77   83   69    8  122  137  106   11
  3 2028    92  101   82    9   76   82   68    8  119  134  104   11
  4 2028    91   99   81    9   75   81   67    8  117  131  102   11
  5 2028    89   97   79    9   74   80   67    8  114  128  100   11
  6 2028    88   95   78    9   74   80   66    8  112  125   98   10
  7 2028    86   94   77    9   73   79   65    8  110  122   96   10
  8 2028    85   92   76    8   72   79   65    8  107  120   94   10
  9 2028    83   90   75    8   71   79   64    8  105  117   92   10
 10 2028    82   88   74    8   71   79   64    8  103  114   91   10
 11 2028    81   87   73    8   70   79   63    8  101  111   89   10
 12 2028    80   86   72    8   69   79   63    8   99  109   87    9
  1 2029    79   84   71    8   69   79   63    8   97  106   86    9
  2 2029    78   83   70    8   69   79   63    8   95  104   84    9
  3 2029    77   82   69    8   68   79   63    8   93  102   83    9
  4 2029    76   81   68    8   68   79   63    8   92  100   81    9
  5 2029    75   81   67    8   68   79   63    8   90   98   80    9
  6 2029    74   80   67    8   68   79   63    8   89   96   79    9
  7 2029    74   79   66    8   68   79   63    8   87   95   78    9
  8 2029    73   79   66    8   68   79   63    8   86   93   77    9
  9 2029    72   79   65    8   68   79   63    8   84   91   76    8
 10 2029    72   79   65    8   68   79   63    8   83   89   75    8
 11 2029    71   79   64    8   68   79   63    8   82   88   74    8
 12 2029    70   79   64    8   68   79   63    8   81   87   73    8
  1 2030    70   79   64    8   68   79   63    8   80   85   72    8
  2 2030    69   79   63    8   68   79   63    8   79   84   71    8
  3 2030    69   80   63    8   68   80   63    8   78   83   70    8
  4 2030    69   80   63    8   68   80   63    8   77   82   69    8
  5 2030    68   80   63    8   68   80   63    8   76   81   68    8
  6 2030    68   80   63    8   68   80   63    8   75   81   68    8
  7 2030    68   80   63    8   68   80   63    8   74   80   67    8
  8 2030    68   80   63    8   68   80   63    8   74   80   67    8
  9 2030    68   80   63    8   68   80   63    8   73   80   66    8
 10 2030    68   80   63    8   69   81   64    8   72   80   66    8
 11 2030    68   80   63    8   72   82   66    8   71   80   65    8
 12 2030    68   80   63    8   74   84   68    8   70   80   64    8
  1 2031    68   80   63    8   78   87   70    8   69   80   64    8
  2 2031    68   80   63    8   82   91   73    8   69   80   63    8
  3 2031    68   80   63    8   86   95   76    9   68   80   63    8
  4 2031    68   80   63    8   91  101   80    9   68   80   63    8
  5 2031    68   80   63    8   95  106   83    9   68   80   63    8
  6 2031    68   80   63    8   99  111   86    9   68   80   63    8
  7 2031    69   80   63    8  103  117   89   10   68   80   63    8
  8 2031    70   80   64    8  108  123   92   10   68   80   63    8
  9 2031    72   81   65    8  112  128   96   10   68   80   63    8
 10 2031    74   82   67    8  117  134  100   11   68   80   63    8
 11 2031    76   83   69    8  122  140  104   11   68   80   63    8
 12 2031    79   86   71    8  127  146  108   12   68   80   63    8
  1 2032    82   89   73    8  132  152  111   12   68   80   63    8
  2 2032    85   93   75    8  136  158  115   12   68   80   63    8
  3 2032    88   97   78    9  141  164  118   13   68   81   63    8
  4 2032    92  102   80    9  145  170  122   13   68   81   63    8
  5 2032    96  107   83    9  150  176  125   13   68   81   63    8
  6 2032   100  112   86   10  154  181  128   14   69   81   63    8
  7 2032   104  118   89   10  158  187  132   14   69   81   64    8
  8 2032   109  124   93   10  162  192  135   14   71   81   65    8
  9 2032   113  129   97   11  166  197  138   14   72   81   66    8
 10 2032   118  135  100   11  170  202  141   15   74   82   67    8
 11 2032   122  141  104   11  174  207  144   15   77   84   69    8
 12 2032   127  147  108   12  177  211  147   15   79   86   71    8
  1 2033   132  153  111   12  181  215  149   15   82   89   73    8
  2 2033   137  159  115   12  184  219  152   16   86   93   75    8
  3 2033   141  165  119   13  186  223  154   16   89   98   78    9
  4 2033   146  171  122   13  189  227  156   16   93  102   81    9
  5 2033   151  177  126   13  191  230  157   16   97  108   84    9
  6 2033   155  183  129   14  193  233  159   16  101  113   87   10
  7 2033   159  189  132   14  195  235  160   17  105  119   90   10
  8 2033   163  194  136   14  197  237  162   17  110  124   94   10
  9 2033   167  199  139   14  198  239  163   17  114  130   97   11
 10 2033   171  203  142   15  200  240  164   17  119  136  101   11
 11 2033   175  208  144   15  201  241  165   17  123  142  105   11
 12 2033   178  212  147   15  201  242  166   17  128  148  108   12
  1 2034   181  216  149   15  202  243  166   17  133  154  112   12
  2 2034   184  220  151   16  202  243  166   17  137  160  115   12
  3 2034   187  224  153   16  202  243  166   17  142  166  119   13
  4 2034   189  228  155   16  202  243  166   17  146  172  122   13
  5 2034   192  231  157   16  202  243  166   17  151  178  126   13
  6 2034   194  234  159   16  201  242  166   17  155  184  129   14
  7 2034   196  236  161   17  201  242  165   17  160  189  132   14
  8 2034   197  239  162   17  200  241  165   17  164  195  136   14
  9 2034   199  240  164   17  199  240  164   17  168  200  139   14
 10 2034   200  242  165   17  198  238  163   17  172  205  142   15
 11 2034   202  243  166   17  197  236  162   17  176  210  145   15
 12 2034   202  244  167   17  195  234  161   17  179  214  147   15
  1 2035   203  245  167   17  193  232  160   16  182  218  150   15
  2 2035   203  245  167   17  191  230  158   16  185  222  152   16
  3 2035   203  245  167   17  189  227  157   16  188  226  154   16
  4 2035   203  245  167   17  187  224  155   16  190  229  156   16
  5 2035   203  245  166   17  185  221  153   16  192  233  158   16
  6 2035   202  244  166   17  183  218  151   16  194  235  159   16
  7 2035   201  243  165   17  180  215  150   15  196  238  161   17
  8 2035   200  242  164   17  178  212  148   15  198  240  162   17
  9 2035   199  241  163   17  175  208  146   15  199  242  163   17
 10 2035   198  239  162   17  173  205  144   15  201  243  164   17
 11 2035   197  237  161   17  170  201  142   15  202  244  165   17
 12 2035   195  235  160   17  167  197  140   14  202  245  166   17
  1 2036   194  233  159   16  165  194  138   14  203  246  166   17
  2 2036   192  231  158   16  162  190  136   14  204  246  167   17
  3 2036   190  228  156   16  159  186  134   14  204  247  167   17
  4 2036   188  226  155   16  156  182  131   14  204  247  167   17
  5 2036   186  223  153   16  153  179  129   13  204  246  167   17
  6 2036   184  219  152   16  151  175  127   13  203  246  167   17
  7 2036   181  216  150   15  148  171  125   13  202  245  166   17
  8 2036   179  213  148   15  145  167  123   13  201  244  165   17
  9 2036   176  209  146   15  142  163  121   13  200  242  164   17
 10 2036   174  206  144   15  139  159  118   12  199  241  163   17
 11 2036   171  202  142   15  137  155  116   12  198  239  162   17
 12 2036   168  198  140   15  134  152  114   12  196  237  161   17
  1 2037   165  194  138   14  131  148  112   12  194  234  160   16
  2 2037   162  191  136   14  128  145  110   12  192  232  158   16
  3 2037   160  187  134   14  126  141  108   11  190  229  157   16
  4 2037   157  183  132   14  123  138  106   11  188  226  155   16
  5 2037   154  179  129   13  121  135  104   11  186  224  153   16
  6 2037   151  175  127   13  118  132  102   11  184  220  151   16
  7 2037   148  171  125   13  116  129  100   11  181  217  150   15
  8 2037   145  167  123   13  113  126   98   10  179  214  148   15
  9 2037   142  163  121   13  111  123   97   10  176  210  146   15
 10 2037   140  160  118   12  109  120   95   10  174  207  144   15
 11 2037   137  156  116   12  107  117   94   10  171  203  142   15
 12 2037   134  152  114   12  105  114   92   10  169  199  140   15
  1 2038   132  148  112   12  103  111   90   10  166  195  138   14
  2 2038   129  145  110   12  102  109   89   10  163  192  136   14
  3 2038   127  142  108   11  100  107   88   10  161  188  134   14
  4 2038   124  138  106   11   98  105   86    9  158  184  132   14
  5 2038   122  135  104   11   96  102   85    9  155  180  130   13
  6 2038   119  132  102   11   95  100   83    9  152  176  128   13
  7 2038   117  129  101   11   93   98   82    9  149  172  126   13
  8 2038   114  126   99   11   92   96   81    9  146  168  124   13
  9 2038   112  123   97   10   90   94   80    9  143  164  121   13
 10 2038   110  120   96   10   89   92   79    9  140  160  119   12
 11 2038   108  117   94   10   88   91   78    9  138  156  117   12
 12 2038   106  114   92   10   87   89   77    9  135  153  115   12
  1 2039   104  112   91   10   86   88   76    9  132  149  113   12
  2 2039   102  109   89   10   85   87   75    9  129  146  110   12
  3 2039   100  107   88   10   84   86   74    8  127  142  108   11
  4 2039    98  104   86    9   83   85   73    8  124  139  106   11
  5 2039    96  102   85    9   82   85   72    8  122  136  104   11
  6 2039    95  100   83    9   81   84   71    8  119  133  102   11
  7 2039    93   98   82    9   80   84   70    8  117  129  100   11
  8 2039    92   96   81    9   79   84   70    8  114  126   98   11
  9 2039    91   94   80    9   79   84   70    8  112  123   97   10
 10 2039    90   92   79    9   78   84   69    8  110  120   95   10
 11 2039    88   91   78    9   78   84   69    8  108  117   94   10
 12 2039    87   89   77    9   77   84   69    8  106  114   92   10
  1 2040    86   88   76    9   77   84   68    8  104  112   91   10
  2 2040    86   87   76    9   76   84   68    8  103  109   89   10
  3 2040    85   86   75    9   76   85   68    8  101  107   88   10
  4 2040    84   85   74    8   76   85   68    8   99  104   86   10
  5 2040    83   85   73    8   75   85   67    8   97  102   85    9
  6 2040    82   85   72    8   75   85   67    8   96  100   84    9
  7 2040    81   85   71    8   74   85   67    8   94   98   82    9
  8 2040    80   85   71    8   74   85   66    8   93   96   81    9
  9 2040    79   85   70    8   74   85   66    8   91   94   80    9
 10 2040    79   85   70    8   73   85   66    8   90   92   79    9
 11 2040    78   85   69    8   73   85   66    8   89   91   79    9
 12 2040    77   85   69    8   73   85   66    8   88   89   78    9
  1 2041    77   85   69    8   73   85   65    8   87   88   77    9
  2 2041    76   85   68    8   73   85   65    8   86   87   76    9
  3 2041    76   85   68    8   72   85   65    8   85   86   75    9
  4 2041    76   85   68    8   72   85   65    8   84   85   74    8
  5 2041    75   85   67    8   72   85   65    8   83   85   73    8
  6 2041    75   85   67    8   72   85   65    8   82   85   72    8
  7 2041    74   85   67    8   72   85   65    8   81   85   71    8
  8 2041    74   85   66    8   72   85   65    8   80   85   71    8
  9 2041    74   85   66    8   72   85   65    8   79   85   70    8
 10 2041    73   85   66    8   74   85   66    8   77   85   69    8
 11 2041    73   85   66    8   77   86   68    8   75   85   68    8
 12 2041    73   85   65    8   80   88   70    8   74   85   67    8
  1 2042    72   85   65    8   83   91   73    8   72   85   65    8
  2 2042    72   85   65    8   88   94   76    9   71   85   64    8
  3 2042    72   86   65    8   93   99   80    9   69   86   64    8
  4 2042    73   86   65    8   98  104   84    9   68   86   63    8
  5 2042    73   86   66    8  102  110   87   10   69   86   63    8
  6 2042    74   86   67    8  106  116   90   10   70   86   63    8
  7 2042    75   86   67    8  110  122   93   10   70   86   64    8
  8 2042    76   86   68    8  115  128   96   11   71   86   64    8
  9 2042    78   86   69    8  119  134   99   11   71   86   64    8
 10 2042    80   86   71    8  124  140  103   11   71   86   64    8
 11 2042    82   87   72    8  128  146  107   12   72   86   65    8
 12 2042    85   89   74    8  133  152  110   12   72   86   65    8
  1 2043    88   91   76    9  138  159  114   12   72   86   65    8
  2 2043    91   95   78    9  142  165  117   13   72   86   65    8
  3 2043    94   99   81    9  147  172  120   13   72   86   65    8
  4 2043    98  104   84    9  151  179  124   13   73   86   65    8
  5 2043   102  110   86   10  156  185  127   14   73   86   66    8
  6 2043   106  116   89   10  160  191  130   14   74   86   66    8
  7 2043   110  122   92   10  164  197  133   14   75   86   67    8
  8 2043   115  128   96   11  168  203  136   15   76   86   68    8
  9 2043   119  134   99   11  172  208  139   15   78   86   69    8
 10 2043   124  140  103   11  176  213  142   15   80   86   70    8
 11 2043   128  146  106   12  180  218  145   15   82   87   72    8
 12 2043   133  152  110   12  183  223  147   16   85   89   74    8
  1 2044   138  159  113   12  186  227  150   16   88   91   76    9
  2 2044   142  165  117   13  189  231  152   16   91   95   78    9
  3 2044   147  172  120   13  192  236  154   16   95   99   81    9
  4 2044   152  179  124   13  194  239  156   16   98  104   84    9
  5 2044   156  185  127   14  197  243  158   17  102  110   87   10
  6 2044   161  191  130   14  199  246  159   17  106  116   90   10
  7 2044   165  197  134   14  201  248  161   17  111  122   93   10
  8 2044   169  203  137   15  203  250  163   17  115  128   96   11
  9 2044   173  208  140   15  204  252  164   17  120  134  100   11
 10 2044   177  213  143   15  206  253  165   17  125  140  103   11
 11 2044   181  218  145   15  207  254  166   18  129  146  107   12
 12 2044   184  223  148   16  207  255  167   18  134  153  110   12
  1 2045   187  227  150   16  208  256  167   18  139  159  114   12
  2 2045   190  232  152   16  208  256  167   18  143  166  117   13
  3 2045   193  236  154   16  208  257  167   18  148  173  121   13
  4 2045   195  240  156   16  208  257  167   18  152  179  124   13
  5 2045   197  244  158   17  208  256  167   18  157  186  127   14
  6 2045   199  247  159   17  207  256  166   18  161  192  130   14
  7 2045   201  249  161   17  206  255  165   18  165  198  133   14
  8 2045   203  251  162   17  205  253  165   17  169  204  136   15
  9 2045   204  253  163   17  204  252  164   17  173  209  139   15
 10 2045   206  254  164   17  203  250  163   17  177  214  142   15
 11 2045   207  255  165   18  202  248  162   17  181  219  145   15
 12 2045   207  256  166   18  200  246  161   17  184  224  147   16
  1 2046   208  257  166   18  198  243  160   17  187  228  150   16
  2 2046   208  257  166   18  196  240  158   17  190  232  152   16
  3 2046   208  257  166   18  194  237  157   16  193  237  154   16
  4 2046   208  257  166   18  192  234  155   16  195  241  156   16
  5 2046   208  257  166   18  190  231  153   16  197  244  157   17
  6 2046   207  256  166   18  188  228  151   16  199  247  159   17
  7 2046   206  255  165   18  185  224  150   16  201  250  160   17
  8 2046   205  254  164   17  183  221  148   16  203  252  162   17
  9 2046   204  253  163   17  180  217  146   15  204  254  163   17
 10 2046   203  251  162   17  178  213  144   15  206  255  164   17
 11 2046   202  249  161   17  175  208  142   15  207  256  165   18
 12 2046   200  247  160   17  172  204  140   15  207  257  166   18
  1 2047   198  244  159   17  169  200  138   15  208  258  166   18
  2 2047   197  241  158   17  167  196  136   14  208  258  166   18
  3 2047   195  238  156   16  164  192  134   14  209  258  166   18
  4 2047   193  235  155   16  161  188  132   14  209  258  166   18
  5 2047   191  232  153   16  158  184  130   14  208  258  166   18
  6 2047   189  229  152   16  156  179  128   14  208  257  166   18
  7 2047   186  225  150   16  153  175  126   13  207  256  165   18
  8 2047   184  222  148   16  150  171  124   13  206  255  164   17
  9 2047   181  218  146   15  147  167  122   13  205  254  164   17
 10 2047   179  214  144   15  144  163  119   13  204  252  163   17
 11 2047   176  209  143   15  142  158  117   13  203  250  162   17
 12 2047   173  205  140   15  139  154  115   12  201  248  160   17
  1 2048   170  201  138   15  136  150  113   12  199  245  159   17
  2 2048   167  197  136   14  133  146  111   12  197  242  158   17
  3 2048   165  193  134   14  131  143  109   12  195  239  156   16
  4 2048   162  188  132   14  128  139  107   12  193  236  155   16
  5 2048   159  184  130   14  126  136  105   11  191  233  153   16
  6 2048   156  180  128   14  123  133  103   11  189  229  151   16
  7 2048   153  175  126   13  121  129  101   11  186  226  150   16
  8 2048   150  171  124   13  118  126  100   11  184  222  148   16
  9 2048   147  167  121   13  116  123   98   11  181  218  146   15
 10 2048   144  163  119   13  114  119   96   10  179  214  144   15
 11 2048   142  158  117   13  112  116   95   10  176  210  142   15
 12 2048   139  154  115   12  110  113   93   10  173  205  140   15
  1 2049   136  150  113   12  108  110   92   10  170  201  138   15
  2 2049   133  146  111   12  106  108   90   10  167  197  136   14
  3 2049   131  143  109   12  104  105   89   10  165  193  134   14
  4 2049   128  139  107   12  102  103   87   10  162  189  132   14
  5 2049   126  136  105   11  100  101   86   10  159  184  130   14
  6 2049   123  133  103   11   99  100   84   10  156  180  127   14
  7 2049   121  129  101   11   97   98   83    9  153  176  125   13
  8 2049   118  126   99   11   96   97   82    9  150  171  123   13
  9 2049   116  123   98   11   94   95   81    9  147  167  121   13
 10 2049   114  119   96   10   93   94   80    9  144  163  119   13
 11 2049   112  116   95   10   92   93   79    9  142  158  117   13
 12 2049   110  113   93   10   91   92   78    9  139  154  115   12
  1 2050   108  110   91   10   90   91   77    9  136  150  113   12
  2 2050   106  107   90   10   89   90   76    9  133  146  111   12
  3 2050   104  105   89   10   88   90   75    9  131  143  109   12
  4 2050   102  103   87   10   87   90   74    9  128  139  107   12
  5 2050   101  102   86   10   86   90   73    9  126  136  105   11
  6 2050    99  100   84   10   85   90   72    9  123  132  103   11
  7 2050    98   99   83    9   84   90   72    9  121  129  101   11
  8 2050    96   97   82    9   84   90   71    9  119  126  100   11
  9 2050    95   96   81    9   83   90   71    9  117  122   98   11
 10 2050    94   95   80    9   82   90   71    8  115  119   97   11
 11 2050    93   94   80    9   82   90   70    8  113  115   95   10
 12 2050    92   93   79    9   81   90   70    8  111  112   93   10
  1 2051    91   92   78    9   81   90   70    8  109  110   92   10
  2 2051    90   91   77    9   80   90   69    8  107  108   90   10
  3 2051    89   90   76    9   80   90   69    8  105  106   89   10
  4 2051    88   90   75    9   80   90   69    8  103  104   87   10
  5 2051    87   90   74    9   79   90   68    8  101  102   86   10
  6 2051    86   90   73    9   79   90   68    8  100  101   84   10
  7 2051    85   90   72    9   78   90   68    8   98   99   83    9
  8 2051    84   90   72    9   78   90   67    8   97   98   82    9
  9 2051    83   90   71    9   78   90   67    8   95   96   81    9
 10 2051    83   90   71    8   77   90   67    8   94   95   80    9
 11 2051    82   90   70    8   77   90   67    8   93   94   79    9
 12 2051    81   90   70    8   77   90   67    8   92   93   78    9
  1 2052    81   90   70    8   77   90   66    8   91   92   78    9
  2 2052    80   90   69    8   77   90   66    8   90   91   77    9
  3 2052    80   91   69    8   76   91   66    8   89   91   76    9
  4 2052    80   91   69    8   76   91   66    8   88   91   75    9
  5 2052    79   91   68    8   76   91   66    8   87   91   74    9
  6 2052    79   91   68    8   76   91   66    8   86   91   73    9
  7 2052    78   91   68    8   76   91   66    8   85   91   72    9
  8 2052    78   91   67    8   76   91   66    8   84   91   72    9
  9 2052    78   91   67    8   76   91   66    8   83   91   71    9
 10 2052    77   91   67    8   78   91   67    8   81   91   70    8
 11 2052    77   91   66    8   80   91   69    8   78   91   68    8
 12 2052    76   91   66    8   83   91   71    8   76   91   67    8
  1 2053    76   91   66    8   87   93   73    8   74   91   66    8
  2 2053    76   91   65    8   91   95   76    9   73   91   65    8
  3 2053    75   91   65    8   96   98   80    9   71   91   64    8
  4 2053    76   91   65    8  101  102   83   10   70   91   63    8
  5 2053    76   91   66    8  105  108   86   10   71   91   63    8
  6 2053    77   91   67    8  109  114   89   10   72   91   63    8
  7 2053    78   91   67    8  113  120   92   11   73   91   64    8
  8 2053    79   91   68    8  118  127   95   11   74   91   64    8
  9 2053    81   91   69    8  122  134   99   11   74   91   64    8
 10 2053    83   91   71    8  127  140  102   12   74   91   64    8
 11 2053    85   91   72    8  131  147  106   12   75   91   65    8
 12 2053    88   91   74    9  136  154  109   12   75   91   65    8
  1 2054    91   93   76    9  141  160  112   13   75   91   65    8
  2 2054    94   95   78    9  145  167  116   13   75   91   65    8
  3 2054    97   98   81    9  150  174  119   13   75   92   65    8
  4 2054   101  102   83   10  154  181  122   14   76   92   65    8
  5 2054   105  108   86   10  159  188  125   14   76   92   66    8
  6 2054   109  114   89   10  163  195  128   14   77   92   67    8
  7 2054   113  120   92   11  167  202  132   14   78   92   67    8
  8 2054   118  127   95   11  172  208  135   15   80   92   68    8
  9 2054   122  133   99   11  176  213  138   15   82   92   70    8
 10 2054   127  140  102   12  180  218  140   15   84   92   71    8
 11 2054   132  147  106   12  183  224  143   16   86   92   73    8
 12 2054   137  153  109   12  187  228  146   16   89   92   75    9
  1 2055   142  160  113   13  190  233  148   16   92   93   77    9
  2 2055   146  167  116   13  193  238  150   16   95   96   79    9
  3 2055   151  174  119   13  196  242  152   16   98   99   81    9
 END_DATA